4294967294,0
4294967278,132
4294967278,131
4294967278,130
4294967278,129
4294967278,128
4294967278,127
4294967278,126
4294967278,125
4294967278,124
4294967278,123
4294967278,122
4294967278,121
4294967278,120
4294967278,119
4294967278,118
4294967278,117
4294967278,116
4294967278,115
4294967278,114
4294967278,113
4294967278,112
4294967278,111
4294967278,110
4294967278,109
4294967278,108
4294967278,107
4294967278,106
4294967278,105
4294967278,104
4294967278,103
4294967278,102
4294967278,101
4294967278,100
4294967278,99
4294967278,98
4294967278,97
4294967278,96
4294967278,95
4294967278,94
4294967278,93
4294967278,92
4294967278,91
4294967278,90
4294967278,89
4294967278,87
4294967278,86
4294967278,85
4294967278,84
4294967278,83
4294967278,82
4294967278,81
4294967278,80
4294967278,79
4294967278,78
4294967278,77
4294967278,76
4294967278,75
4294967278,74
4294967278,73
4294967278,72
4294967278,71
4294967278,70
4294967278,69
4294967278,68
4294967278,67
4294967278,66
4294967278,65
4294967278,64
4294967278,63
4294967278,62
4294967278,61
4294967278,60
4294967278,59
4294967278,58
4294967278,57
4294967278,56
4294967278,55
4294967278,54
4294967278,53
4294967278,52
4294967278,51
4294967279,55
4294967279,51
4294967279,50
4294967279,49
4294967279,48
4294967279,46
4294967279,44
4294967279,43
4294967279,41
4294967279,40
4294967279,35
4294967279,32
4294967279,30
4294967279,27
4294967279,26
4294967279,25
4294967279,23
4294967279,19
4294967279,17
4294967279,16
4294967279,13
4294967279,11
4294967279,9
4294967279,8
4294967279,7
4294967294,22
4294967294,17
4294967294,42
4294967294,67
4294967294,99
4294967294,473
4294967294,25
4294967294,955
4294967294,26
4294967278,558
4294967279,6
4294967279,261
4294967279,5
4294967279,282
4294967278,557
4294967278,0
0,5
4294967279,4
4294967279,281
4294967294,6
4294967279,365
4294967279,364
4294967279,363
4294967279,362
61,5
61,4
61,3
61,2
61,1
4294967278,556
4294967278,555
4294967279,361
4294967278,554
4294967279,360
60,5
60,4
60,3
60,2
60,1
4294967278,553
4294967278,552
4294967279,359
4294967279,358
4294967279,357
4294967278,551
4294967279,356
4294967278,550
56,5
56,4
56,3
56,2
56,1
4294967278,549
4294967278,548
53,5
53,4
53,3
53,2
53,1
4294967278,547
4294967279,355
4294967279,354
4294967278,546
4294967279,353
4294967278,545
4294967278,544
4294967279,352
4294967279,351
4294967279,350
50,5
50,4
50,3
50,2
50,1
49,5
49,4
49,3
49,2
49,1
48,4
48,3
48,2
48,1
47,4
47,3
47,2
47,1
46,4
46,3
46,2
46,1
4294967279,349
45,4
45,3
45,2
45,1
4294967278,543
44,4
44,3
44,2
44,1
4294967279,348
43,4
43,3
43,2
43,1
4294967278,542
4294967278,541
42,4
42,3
42,2
42,1
4294967279,347
4294967279,346
4294967294,924
41,4
41,3
41,2
41,1
4294967278,540
40,4
40,3
40,2
40,1
4294967279,345
39,4
39,3
39,2
39,1
4294967278,539
38,4
38,3
38,2
38,1
4294967279,344
4294967278,538
4294967279,343
37,6
4294967279,342
37,5
37,4
37,3
37,2
37,1
4294967279,341
36,5
36,4
36,3
36,2
36,1
4294967294,430
35,4
35,3
35,2
35,1
33,5
33,4
33,3
33,2
33,1
32,4
32,3
32,2
32,1
4294967279,340
4294967278,537
4294967278,536
4294967278,535
4294967279,339
4294967278,534
4294967278,533
4294967278,532
4294967279,338
4294967278,531
4294967279,337
4294967278,279
4294967279,336
4294967278,530
4294967278,529
4294967294,476
4294967278,528
4294967293,131
4294967293,130
4294967293,129
4294967293,128
4294967293,127
4294967293,126
4294967293,125
4294967293,124
4294967293,123
4294967293,122
4294967293,121
4294967293,120
4294967293,119
4294967293,118
4294967293,117
4294967293,116
4294967293,115
4294967293,114
4294967293,113
4294967293,112
4294967293,111
4294967293,110
4294967293,109
4294967293,108
4294967293,107
4294967293,106
4294967293,105
4294967293,104
4294967293,103
4294967293,102
4294967293,101
4294967293,100
4294967293,99
4294967293,98
4294967293,97
4294967293,96
4294967293,95
